85 -86 0
79 -39 0
50 -73 0
93 -52 0
-53 27 1
74 96 1
75 10 0
-49 -62 0
2 67 1
76 95 1
69 43 0
47 -68 0
-72 -21 1
54 -87 0
98 -50 0
50 21 0
-90 -55 1
-36 99 1
-64 -62 0
96 78 0
63 -90 0
14 15 0
-43 -45 0
-28 59 1
-75 10 1
9 76 1
-19 45 1
-75 -36 1
-36 77 1
3 -60 0
-88 94 1
-11 -52 0
88 99 1
-34 79 1
73 82 1
-69 -56 1
26 6 0
-96 -98 0
-55 -97 0
56 -49 0
41 12 0
-14 16 1
18 -29 0
-52 35 1
-70 14 1
61 92 1
77 67 0
73 1 0
-8 -86 0
59 74 1
92 52 0
-73 -7 1
-18 -54 0
7 -72 0
-25 -65 0
70 -17 0
-13 2 1
21 -32 0
54 88 1
-6 -13 0
74 91 1
-100 -32 1
41 -1 0
-87 64 1
-5 -41 0
54 96 1
55 15 0
-50 62 1
-13 -91 0
91 77 0
-60 -28 1
-85 65 1
-3 96 1
-41 6 1
75 22 0
99 -9 0
-100 -60 1
-9 32 1
68 -57 0
-9 29 1
52 -65 0
-32 -59 0
-1 60 1
-55 3 1
-22 80 1
58 -57 0
90 13 0
12 -49 0
-56 97 1
-12 0 1
-4 -61 0
-71 -80 0
-67 -58 1
41 98 1
54 -40 0
-54 16 1
24 88 1
45 -82 0
41 -31 0
-52 51 1
