patterns = []

patterns.append([
	[-1, -1,  1,  1,  1,  1,  1,  1, -1, -1],
	[-1, -1,  1,  1,  1,  1,  1,  1, -1, -1],
	[-1, -1,  1,  1, -1, -1,  1,  1, -1, -1],
	[-1, -1,  1,  1, -1, -1,  1,  1, -1, -1],
	[-1, -1,  1,  1, -1, -1,  1,  1, -1, -1],
	[-1, -1,  1,  1, -1, -1,  1,  1, -1, -1],
	[-1, -1,  1,  1, -1, -1,  1,  1, -1, -1],
	[-1, -1,  1,  1, -1, -1,  1,  1, -1, -1],
	[-1, -1,  1,  1,  1,  1,  1,  1, -1, -1],
	[-1, -1,  1,  1,  1,  1,  1,  1, -1, -1],
])

patterns.append([
	[-1, -1, -1, -1, -1,  1,  1,  1, -1, -1],
	[-1, -1, -1, -1,  1,  1,  1,  1, -1, -1],
	[-1, -1, -1,  1,  1,  1,  1,  1, -1, -1],
	[-1, -1,  1,  1,  1, -1,  1,  1, -1, -1],
	[-1, -1, -1, -1, -1, -1,  1,  1, -1, -1],
	[-1, -1, -1, -1, -1, -1,  1,  1, -1, -1],
	[-1, -1, -1, -1, -1, -1,  1,  1, -1, -1],
	[-1, -1, -1, -1, -1, -1,  1,  1, -1, -1],
	[-1, -1, -1, -1, -1, -1,  1,  1, -1, -1],
	[-1, -1, -1, -1, -1, -1,  1,  1, -1, -1],
])

patterns.append([
	[-1, -1,  1,  1,  1,  1,  1,  1, -1, -1],
	[-1, -1,  1,  1,  1,  1,  1,  1, -1, -1],
	[-1, -1, -1, -1, -1, -1,  1,  1, -1, -1],
	[-1, -1, -1, -1, -1, -1,  1,  1, -1, -1],
	[-1, -1,  1,  1,  1,  1,  1,  1, -1, -1],
	[-1, -1,  1,  1,  1,  1,  1,  1, -1, -1],
	[-1, -1,  1,  1, -1, -1, -1, -1, -1, -1],
	[-1, -1,  1,  1, -1, -1, -1, -1, -1, -1],
	[-1, -1,  1,  1,  1,  1,  1,  1, -1, -1],
	[-1, -1,  1,  1,  1,  1,  1,  1, -1, -1],
])

patterns.append([
	[-1, -1,  1,  1,  1,  1,  1,  1, -1, -1],
	[-1, -1,  1,  1,  1,  1,  1,  1, -1, -1],
	[-1, -1, -1, -1, -1, -1,  1,  1, -1, -1],
	[-1, -1, -1, -1, -1, -1,  1,  1, -1, -1],
	[-1, -1,  1,  1,  1,  1,  1,  1, -1, -1],
	[-1, -1,  1,  1,  1,  1,  1,  1, -1, -1],
	[-1, -1, -1, -1, -1, -1,  1,  1, -1, -1],
	[-1, -1, -1, -1, -1, -1,  1,  1, -1, -1],
	[-1, -1,  1,  1,  1,  1,  1,  1, -1, -1],
	[-1, -1,  1,  1,  1,  1,  1,  1, -1, -1],
])

patterns.append([
	[-1, -1,  1,  1, -1, -1,  1,  1, -1, -1],
	[-1, -1,  1,  1, -1, -1,  1,  1, -1, -1],
	[-1, -1,  1,  1, -1, -1,  1,  1, -1, -1],
	[-1, -1,  1,  1, -1, -1,  1,  1, -1, -1],
	[-1, -1,  1,  1,  1,  1,  1,  1, -1, -1],
	[-1, -1,  1,  1,  1,  1,  1,  1, -1, -1],
	[-1, -1, -1, -1, -1, -1,  1,  1, -1, -1],
	[-1, -1, -1, -1, -1, -1,  1,  1, -1, -1],
	[-1, -1, -1, -1, -1, -1,  1,  1, -1, -1],
	[-1, -1, -1, -1, -1, -1,  1,  1, -1, -1],
])

patterns.append([
	[-1, -1,  1,  1,  1,  1,  1,  1, -1, -1],
	[-1, -1,  1,  1,  1,  1,  1,  1, -1, -1],
	[-1, -1,  1,  1, -1, -1, -1, -1, -1, -1],
	[-1, -1,  1,  1, -1, -1, -1, -1, -1, -1],
	[-1, -1,  1,  1,  1,  1,  1,  1, -1, -1],
	[-1, -1,  1,  1,  1,  1,  1,  1, -1, -1],
	[-1, -1, -1, -1, -1, -1,  1,  1, -1, -1],
	[-1, -1, -1, -1, -1, -1,  1,  1, -1, -1],
	[-1, -1,  1,  1,  1,  1,  1,  1, -1, -1],
	[-1, -1,  1,  1,  1,  1,  1,  1, -1, -1],
])

patterns.append([
	[-1, -1,  1,  1,  1,  1,  1,  1, -1, -1],
	[-1, -1,  1,  1,  1,  1,  1,  1, -1, -1],
	[-1, -1,  1,  1, -1, -1, -1, -1, -1, -1],
	[-1, -1,  1,  1, -1, -1, -1, -1, -1, -1],
	[-1, -1,  1,  1,  1,  1,  1,  1, -1, -1],
	[-1, -1,  1,  1,  1,  1,  1,  1, -1, -1],
	[-1, -1,  1,  1, -1, -1,  1,  1, -1, -1],
	[-1, -1,  1,  1, -1, -1,  1,  1, -1, -1],
	[-1, -1,  1,  1,  1,  1,  1,  1, -1, -1],
	[-1, -1,  1,  1,  1,  1,  1,  1, -1, -1],
])

patterns.append([
	[-1, -1,  1,  1,  1,  1,  1,  1, -1, -1],
	[-1, -1,  1,  1,  1,  1,  1,  1, -1, -1],
	[-1, -1, -1, -1, -1, -1,  1,  1, -1, -1],
	[-1, -1, -1, -1, -1, -1,  1,  1, -1, -1],
	[-1, -1, -1, -1, -1, -1,  1,  1, -1, -1],
	[-1, -1, -1, -1, -1, -1,  1,  1, -1, -1],
	[-1, -1, -1, -1, -1, -1,  1,  1, -1, -1],
	[-1, -1, -1, -1, -1, -1,  1,  1, -1, -1],
	[-1, -1, -1, -1, -1, -1,  1,  1, -1, -1],
	[-1, -1, -1, -1, -1, -1,  1,  1, -1, -1],
])

patterns.append([
	[-1, -1,  1,  1,  1,  1,  1,  1, -1, -1],
	[-1, -1,  1,  1,  1,  1,  1,  1, -1, -1],
	[-1, -1,  1,  1, -1, -1,  1,  1, -1, -1],
	[-1, -1,  1,  1, -1, -1,  1,  1, -1, -1],
	[-1, -1,  1,  1,  1,  1,  1,  1, -1, -1],
	[-1, -1,  1,  1,  1,  1,  1,  1, -1, -1],
	[-1, -1,  1,  1, -1, -1,  1,  1, -1, -1],
	[-1, -1,  1,  1, -1, -1,  1,  1, -1, -1],
	[-1, -1,  1,  1,  1,  1,  1,  1, -1, -1],
	[-1, -1,  1,  1,  1,  1,  1,  1, -1, -1],
])

patterns.append([
	[-1, -1,  1,  1,  1,  1,  1,  1, -1, -1],
	[-1, -1,  1,  1,  1,  1,  1,  1, -1, -1],
	[-1, -1,  1,  1, -1, -1,  1,  1, -1, -1],
	[-1, -1,  1,  1, -1, -1,  1,  1, -1, -1],
	[-1, -1,  1,  1,  1,  1,  1,  1, -1, -1],
	[-1, -1,  1,  1,  1,  1,  1,  1, -1, -1],
	[-1, -1, -1, -1, -1, -1,  1,  1, -1, -1],
	[-1, -1, -1, -1, -1, -1,  1,  1, -1, -1],
	[-1, -1,  1,  1,  1,  1,  1,  1, -1, -1],
	[-1, -1,  1,  1,  1,  1,  1,  1, -1, -1],
])
